4200010002009998  0086000000000000000000000001320160000000000380000000000000    
4200010002009998  0086000000000000000000000001259430000000000383000000000000    
4200010002009998  0086000000000000000000000000660080000000000384000000000000    
4200010002009998  0086000000000000000000000009641650000000000380000000000000    
4200010002009998  0086000000000000000000000009018830000000000383000000000000    
4200010002009998  0086000000000000000000000003208130000000000384000000000000    
4200010002009998  0162000000000000000000000009391220000000000131000000000000    
4200010002009998  0086000000000000000000000011881440000000000380000000000000    
4200010002009998  0086000000000000000000000011109720000000000383000000000000    
4200010002009998  0086000000000000000000000003988030000000000384000000000000    
